100011101101111
100011001100100
010101001101011
011010110111111
010110000111000
010100011111111
011101111011100
011001010110011
011011111111011
010101011111100
011001001100011
011001100100011
011011100001101
011010010101101
011110010111000
011001111100100
011001111101101
011011001000111
011000000111110
011100101100001
011001111111011
011001111111001
011101101111000
011101000001000
010111000011000
011001111010001
011010000111000
010111000000010
011011000100101
010101010101010
010100000010000
010111000111101
011001111110101
010111100110100
011000101000100
011000010101001
010100010000000
011001110110001
010111100010001
011001011111100
011000101000101
011110101010000
010101010111010
011010011010100
011001110110001
010101011010000
011000010000100
010100110011111
011100011000100
011100010110100
010101101101001
011001111101110
011100101001001
011100010011110
010100100011101
010011110001101
011110100101110
010111101110010
010110100110111
010101010110100
011110000000000
010110001111010
011001111000111
011110001111010
010011111001100
011101000000101
011100001110111
011110010010111
011001111100101
011001111110111
011001111101011
011010000001000
011101001110001
011101000000001
011010001011110
010101111100001